  0.29350891569629312       0.77879599621519446       0.88997478457167745       0.11871749861165881       0.17540963971987367       0.19805425917729735       0.32747871475294232       0.18668571440503001       0.33929981896653771       0.51104495069012046       0.61404782952740788       0.79149663401767612       0.17479355866089463       0.19182431465014815       0.45832699583843350       0.89957710681483150       0.16171492496505380       0.95602574339136481       0.11034291656687856       0.15447800559923053     
  0.65400501247495413       0.50689811073243618       0.95589397568255663       5.12836091220378876E-002  0.14975020568817854       0.25988535769283772       2.36610705032944679E-002  0.50548844784498215       0.88041578140109777       0.76731565408408642       0.21658254135400057       0.10990926995873451       0.83713256847113371       0.45693481899797916       0.99936099443584681       3.65664064884185791E-003  0.67985463794320822       0.11183535121381283       0.55825665313750505       3.07971797883510590E-002
  0.39994407212361693       4.81189088895916939E-003  0.44479748932644725       0.90965457865968347       0.10597255965694785       0.50999558391049504       0.59392183972522616       0.34282173449173570       0.52579802041873336       0.37837028549984097       0.96830060658976436       0.92918653646484017       0.83013197174295783       0.58066582353785634       0.32281278772279620       0.61182988667860627       0.70860682940110564       0.87508761184290051       5.43051543645560741E-002  0.60373014817014337     
  0.80202685482800007       0.30749463383108377       9.58067104220390320E-002  0.77172939386218786       0.62823805026710033       0.16741782892495394       0.92406824603676796       0.58200186025351286       0.71482414938509464       0.93415357265621424       0.66378767788410187       5.32429879531264305E-002  0.57339327596127987       0.47560271341353655       0.41879725083708763       5.13394651934504509E-002  5.13689834624528885E-002  0.95544246677309275       0.91585401445627213       0.19693872239440680     
  0.80886692227795720       0.59883117629215121       0.89375396305695176       0.72583007579669356       0.24723559664562345       0.34009417472407222       0.67233563819900155       9.27574872039258480E-002  0.38945918949320912       0.48855357570573688       0.51966900611296296       0.19624035572633147       2.69462396390736103E-002  0.36488427547737956       0.58818555483594537       0.16475387057289481       0.35967462183907628       0.27157269371673465       0.10880798334255815       0.51288161939010024     
  0.33965814579278231       0.40860686078667641       0.33489727508276701       0.69143296219408512       3.07808676734566689E-002  0.89566554129123688       0.48446214850991964       0.63941287063062191       0.46396317798644304       0.99866133555769920       0.86748637538403273       0.52326664514839649       0.54702291730791330       0.26661691814661026       0.63000801112502813       0.67271764390170574       0.93277304340153933       0.66444851830601692       0.55954460334032774       0.77674215473234653     
  0.21808281121775508       0.21928723016753793       0.19702728977426887       0.61484801443293691       0.35482536954805255       0.66783405328169465       0.64172910666093230       0.32879876391962171       0.16408033994957805       0.59324032673612237       0.28770424565300345       0.33058117749169469       0.68466226710006595       0.47838187450543046       0.54211441939696670       0.57053934084251523       0.65204096911475062       6.82194815017282963E-002  0.60057348897680640       0.46227417560294271     
  0.83991523087024689       0.23913711961358786       0.70051913522183895       3.89630468562245369E-002  0.41101443395018578       2.56437836214900017E-002  0.59474316425621510       0.10317245963960886       0.28873602300882339       0.89239248540252447       0.14329732768237591       0.95694970060139894       0.82276185229420662       0.21479139756411314       0.45117353834211826       0.12896221969276667       0.44663608074188232       0.77144693490117788       0.58808538876473904       0.35381008405238390     
  0.38445002818480134       0.99819808220490813       0.35877018468454480       0.65501834778115153       0.44701946387067437       3.15957828424870968E-002  0.10675506712868810       0.67132972134277225       0.32070356840267777       0.99599931901320815       0.18745915638282895       0.95798523304983974       0.31491625169292092       0.79210067680105567       0.98518649907782674       0.58578184945508838       0.55975013459101319       0.88638774072751403       9.35917277820408344E-002  6.43593105487525463E-002
  0.29143668990582228       0.15642354078590870       0.63951609376817942       0.12283632904291153       0.24971714522689581       0.42732305638492107       0.80800013709813356       0.85067357495427132       0.42103306483477354       0.48104315437376499       0.61948752496391535       0.86080306768417358       0.23438148852437735       0.36581305228173733       0.74021894950419664       0.16086564585566521       0.15867644827812910       0.57505239732563496       0.11658647004514933       0.24080195277929306     
  0.84955348214134574       0.76632129075005651       0.93470005644485354       0.96389806503430009       0.82766131823882461       0.10866974340751767       0.51621831534430385       0.83025926211848855       0.75886590173467994       7.70380315370857716E-002  0.21750316722318530       0.58377730334177613       0.62723324215039611       0.54828391270712018       0.72202247707173228       0.98577039549127221       0.13496899744495749       0.72970948042348027       0.99193063331767917       0.54792295629158616     
  0.91541983000934124       1.54935289174318314E-003  0.38880868628621101       0.94389460515230894       0.75697600282728672       0.76794129703193903       6.15606307983398438E-002  0.43874060269445181       0.65034613572061062       6.87359692528843880E-002  0.44520513340830803       0.63394964020699263       0.62996550090610981       0.84446605388075113       0.10194846242666245       0.26296211685985327       0.53092855028808117       0.26503435242921114       0.36926544085144997       0.93507292401045561     
  0.91229610191658139       0.52986521599814296       0.44237351277843118       0.95399416377767920       0.81595377298071980       0.37397424085065722       1.60991498269140720E-002  0.58765271818265319       0.25843874411657453       0.56752133695408702       0.40803860733285546       0.92348486324772239       4.27562338300049305E-002  5.89890177361667156E-002  0.63182942802086473       0.23925778036937118       0.79844954656437039       0.29039007006213069       0.13506911555305123       0.14806579938158393     
  0.58994853589683771       0.18953377008438110       0.65014927741140127       0.83230963908135891       0.85498614329844713       0.15187738463282585       0.50982708018273115       0.56180121190845966       0.78300847951322794       0.59929492324590683       0.63686545100063086       0.29668187908828259       0.60055897105485201       0.50402683392167091       0.47844990622252226       6.68964721262454987E-003  0.58776991162449121       0.78155086934566498       0.61933920439332724       0.23565920256078243     
  0.75832007033750415       0.18484067404642701       0.72077116882428527       0.80218122201040387       0.80398089019581676       0.72199993440881371       0.46966064115986228       0.14153907122090459       0.27384403301402926       0.10645245248451829       0.49762418633326888       0.83587870048359036       0.40875041065737605       0.60024885693565011       0.37283425917848945       0.12057837517932057       0.53291495842859149       0.95799348736181855       0.27613421296700835       0.86224194662645459     
  0.92150739952921867       0.55193376820534468       0.26118453033268452       0.94783874694257975       0.87346633523702621       0.53930272068828344       0.52822500281035900       0.38405111897736788       0.84823036566376686       0.38141551148146391       0.73920361138880253       0.32250450644642115       0.95854286849498749       0.56342152412980795       0.66647066734731197       0.91527944523841143       0.30335327610373497       0.84476213436573744       0.63694191165268421       0.57898283842951059     
  0.75577937671914697       0.22662133118137717       0.10418299259617925       0.33962067915126681       0.29991702968254685       0.14548644190654159       3.30673758871853352E-002  0.22861831961199641       0.12704358855262399       0.25955950608476996       3.70886642485857010E-004  0.23706211848184466       0.11871651792898774       0.51726200198754668       0.40590050118044019       0.34871290950104594       8.26407433487474918E-002  0.13203005632385612       0.90178253175690770       0.12289304984733462     
  0.23589892592281103       0.61618292145431042       0.13113579619675875       4.25010360777378082E-002  0.40959473978728056       0.74512455798685551       0.71126131806522608       0.63696919381618500       0.43252215441316366       6.43130205571651459E-003  0.42867958266288042       0.70720722898840904       2.70131705328822136E-002  0.51803451962769032       0.94413811806589365       1.61050036549568176E-002  0.20141053106635809       0.80789975635707378       0.63212956953793764       0.46119593456387520     
  0.13596954708918929       0.96814057277515531       0.95311879692599177       0.54357831040397286       0.26136654010042548       0.25769635709002614       0.79017778439447284       0.35570297623053193       0.73968251561746001       0.81049045221880078       0.87820987729355693       0.22388020763173699       0.36443172534927726       0.12435229541733861       1.28655578009784222E-002  0.13000926608219743       0.22148681944236159       0.94552440987899899       0.28020058153197169       0.66182437399402261     
  0.91507748700678349       0.76966534648090601       0.95745484530925751       0.49226609524339437       0.64616610668599606       0.77090662438422441       0.62323769554495811       0.16846220474690199       5.33934850245714188E-002  0.26604998949915171       0.80996788293123245       0.39093428757041693       1.82407926768064499E-002  0.93622871208935976       0.29994444921612740       0.36614520382136106       0.56269212998449802       0.50053992960602045       0.67807874083518982       0.17250605579465628     
  0.97067978652194142       0.89538695616647601       0.99707786226645112       0.89652075385674834       0.65413679974153638       0.99788628844544291       0.79978153714910150       0.99121205648407340       0.61312689306214452       0.12485344661399722       0.81994143361225724       0.59390504425391555       0.75209571467712522       0.41117231128737330       0.70974489906802773       0.87775264075025916       0.59499574871733785       0.37197578651830554       0.28580799186602235       0.67545366799458861     
  0.45758557040244341       0.69206967577338219       3.47342370077967644E-002  0.13364380784332752       0.56034345272928476       0.84549946337938309       4.25857296213507652E-002  0.84671537391841412       0.80938913393765688       0.18797885254025459       0.32618630956858397       5.35145048052072525E-002  0.29296037647873163       0.75168481469154358       0.11433770414441824       0.43801260553300381       0.33647755999118090       0.91437537595629692       0.14450863283127546       0.34812151081860065     
  0.91086714295670390       0.63846973190084100       0.46549604972824454       0.44623132469132543       0.16198171628639102       0.64668390387669206       0.86753786867484450       7.38952909596264362E-002  0.19287035940214992       0.11224916437640786       0.52525822212919593       0.39261205168440938       0.37999410135671496       0.22873469674959779       0.28893405711278319       0.76263780193403363       0.94490674464032054       0.28773214528337121       0.82073196908459067       0.71842307271435857     
  0.26332474499940872       0.42198985721915960       0.68394850008189678       0.76723583508282900       0.76592414453625679       0.72003478836268187       0.34508761204779148       0.23549679014831781       0.54156896471977234       0.66478141304105520       0.79531485401093960       4.48737759143114090E-003  0.97778285667300224       0.20658907573670149       0.42355768568813801       0.14266996923834085       0.22563927620649338       0.31620286311954260       0.63815274648368359       0.91662705410271883     
  0.93836167687550187       0.99551029270514846       0.48904813872650266       0.82841972587630153       0.69746216991916299       0.67456434061750770       0.79823006363585591       6.11996720544993877E-002  0.41589357936754823       0.14542592084035277       0.77279568510130048       0.42109713284298778       7.47006745077669621E-002  0.90033975383266807       4.28986591286957264E-002  0.48843055916950107       6.15444355644285679E-002  0.77078395849093795       0.90898072766140103       0.93079867539927363     
  0.31331564020365477       0.32803645171225071       0.34377417061477900       0.18835619091987610       8.94621824845671654E-002  0.35473502241075039       0.37241784948855639       0.14321060106158257       0.28646126668900251       0.43060396797955036       0.97392784897238016       0.26230763643980026       0.15044860448688269       0.56749555282294750       0.97152728307992220       0.32550493255257607       0.33466439973562956       2.71399710327386856E-002  0.21077813301235437       0.77464742958545685     
