  -1.8171900034801283       -3.4619380323374354       0.94886831388592174        6.1683507878918986       0.38737787725403905       -3.2640397836037938        1.7373364096827537       -1.9035808373161767       0.47320514646142375      -0.86140398486598557       0.42568723810836673        1.7538864060647099       0.11426096261356683       0.26987473285634950       0.56758681692898127     
  0.78071465808108997       0.24940785894311265       0.79237869592855970       0.16217708238061099       0.92228986788541079        1.0220739799759850        1.0010671891605092       0.75259303254217458       0.87296676008503193       0.72269318978460162       0.24615605548024178       0.54211949857441244       0.76794731014009565       0.78992363906066865        1.1842611509050192     
  0.18296085371587079       0.47833706893788241       0.68266510400594627       0.67092468426512164       0.94881842611357570       0.60053392389099036       6.35448223154601588E-002  0.45051636666942169       0.80503994688065139       0.84224491842158433       0.92295324662700295       0.98151368247489423       0.44990189654515711       0.21884519282491485       0.72945991899491658     
  0.44293889217702553       0.97840465633996399       0.75304315270884858       0.86287841755462658       0.34353372454643250       0.50073551251312454       0.77543449311668278       0.65914529236656982       0.36182250766113055       0.23681682967503681       0.10007458087056875       0.87251114185072054       0.77862789186974490       0.79767400802438582       0.65098774278565319     
  0.68450837292970645       0.66398090697397572       0.60818736922353522       0.40391374333346525       0.37601187312975526        1.0431709061046710       0.42774395957076022        1.0076680345393905       0.70943545751631210       0.42564929385938083       0.46782181179150939        1.1370872382035329       0.55744159418818695       0.35498245024782343       0.77450944964200208     
   1.2359428575347375      -0.89140339084703324       0.56184248205523335        1.2492910333306049       0.73409405630081892       0.37270785409415647      -0.28960563999246619        1.3471167280423657       6.69818990702491096E-002   8.7850579670037305       0.39504976756870747       -2.4398995091853877       -2.6083929330513098       -2.4386360739760327      -0.30882675807674298     
  9.94143691978417732E-003   2.0504533428125149       -1.6620771337702238      -6.00564455306208320E-002  0.26157614728435874       0.13710340134857762       0.71724463292525276      -0.83608648822509379       -1.4164378142386052        2.0949182009898824       3.66117102093994617E-002 -0.81372721345397492        2.7762362376212497        2.7911009296200575      -0.88094859499776457     
  0.55913975258214899        2.1770976723349396      -0.16953259389156541       -5.2562815456666891       0.49934938363730907       -7.4950699878819389       0.71449371599638334       0.46346601872562454      -0.56259026899243159       0.67942430939285914       0.51753685344010592      -0.81750734397141600        2.9600580532672787        3.6268419630463278      -7.14991750126488940E-002
  0.96068014281334979       0.44537126793904402       0.57004841227614866       0.16152970305803038       0.26385784195736051        1.1657230973618729       0.77724280956294145       0.39211039741055975       0.92738098741108277       0.56090620550575432       0.83254515705630183       0.70463155352131168       1.39260611497580879E-002  0.20627541076399120       0.58527364206099475     
  0.28767476441878609       0.48278441859773408       0.55497845924005573       0.65088584768195690       0.52535630855709314       0.26719104808054339        1.0393615878707063       0.47452129867467735       0.48566653402999993       0.56290717337138119       0.61048321425914764        1.0403387348010165       0.83412377779739399       0.86749089706125160        1.0946791815619310     
  0.52165491231709959       0.26260921764583728       0.57963835517679352       0.58936640820166841       0.53762298030778766       0.58111908127047474       0.56095560695478897       0.58599424506530406        1.0054753159618783       0.44878232793966893       0.18711117887869477        1.1232121139338542       0.13431001212354926       0.67828050898294789        1.2061040166280068     
  0.68204846471773928       0.65978746685836964       0.40890271451710780       0.61882569702762225       0.11999255046248436        1.1411165458612738       0.49243176580678139       0.13543326506616835       0.80204411738006387       0.76758023756327087       1.89574835821986198E-002   1.1004782796603947       0.96313928576868069       0.91022636831488501       0.61691179920373485     
   3.0174519420054455        1.8397903410850209      -0.49904956361480129        1.8680194039249716       0.22563034901395440      -0.39408250794143312        1.5327995085230310        2.9028016743634484      -0.99032233813978177       0.79768333135118052       0.84335647663101554       -1.0456562088235914       0.43896848538957356      -0.18868368521265577       -1.1598011168671358     
  0.22460751960646580       0.40465096767916714       0.58298487464997362       0.43780808282868289       0.62740930821746588       0.89945897170272782       7.05405113897962371E-002  0.70448876385237813        1.0213613376683355       0.98288796494015240       7.48594831675291061E-002  0.75487623197973042       0.30458755530268211       0.29681780626848542        1.2964542067340401     
  0.67388860854987576       0.70978454987852857       0.50656814114961446       0.39498866444317471       0.76084325974807143        1.3325545688101221       0.61583434227741518       0.46164082010943353       0.48256615070466452       0.83025043956844391       0.85328151332214475       0.74255425618994331       0.57119681776987086       0.74441881708355317        1.1207998002490955     
